(kicad_pcb (version 20171130) (host pcbnew "(5.0.1)-4")

  (general
    (thickness 1.6)
    (drawings 8)
    (tracks 0)
    (zones 0)
    (modules 43)
    (nets 32)
  )

  (page A4)
  (layers
    (0 F.Cu signal)
    (31 B.Cu signal)
    (32 B.Adhes user)
    (33 F.Adhes user)
    (34 B.Paste user)
    (35 F.Paste user)
    (36 B.SilkS user)
    (37 F.SilkS user)
    (38 B.Mask user)
    (39 F.Mask user)
    (40 Dwgs.User user)
    (41 Cmts.User user)
    (42 Eco1.User user)
    (43 Eco2.User user)
    (44 Edge.Cuts user)
    (45 Margin user)
    (46 B.CrtYd user)
    (47 F.CrtYd user)
    (48 B.Fab user)
    (49 F.Fab user)
  )

  (setup
    (last_trace_width 0.25)
    (trace_clearance 0.2)
    (zone_clearance 0.508)
    (zone_45_only no)
    (trace_min 0.2)
    (segment_width 0.2)
    (edge_width 0.15)
    (via_size 0.8)
    (via_drill 0.4)
    (via_min_size 0.4)
    (via_min_drill 0.3)
    (uvia_size 0.3)
    (uvia_drill 0.1)
    (uvias_allowed no)
    (uvia_min_size 0.2)
    (uvia_min_drill 0.1)
    (pcb_text_width 0.3)
    (pcb_text_size 1.5 1.5)
    (mod_edge_width 0.15)
    (mod_text_size 1 1)
    (mod_text_width 0.15)
    (pad_size 1.524 1.524)
    (pad_drill 0.762)
    (pad_to_mask_clearance 0.2)
    (solder_mask_min_width 0.25)
    (aux_axis_origin 0 0)
    (visible_elements 7FFFFFFF)
    (pcbplotparams
      (layerselection 0x010fc_ffffffff)
      (usegerberextensions false)
      (usegerberattributes false)
      (usegerberadvancedattributes false)
      (creategerberjobfile false)
      (excludeedgelayer true)
      (linewidth 0.100000)
      (plotframeref false)
      (viasonmask false)
      (mode 1)
      (useauxorigin false)
      (hpglpennumber 1)
      (hpglpenspeed 20)
      (hpglpendiameter 15.000000)
      (psnegative false)
      (psa4output false)
      (plotreference true)
      (plotvalue true)
      (plotinvisibletext false)
      (padsonsilk false)
      (subtractmaskfromsilk false)
      (outputformat 1)
      (mirror false)
      (drillshape 1)
      (scaleselection 1)
      (outputdirectory ""))
  )

  (net 0 "")
  (net 1 +12V)
  (net 2 GND)
  (net 3 -12V)
  (net 4 "Net-(D1-Pad2)")
  (net 5 "Net-(D1-Pad1)")
  (net 6 "Net-(D2-Pad1)")
  (net 7 "Net-(D2-Pad2)")
  (net 8 "Net-(J1-PadT)")
  (net 9 "Net-(J2-PadT)")
  (net 10 "Net-(J3-PadT)")
  (net 11 "Net-(J3-PadTN)")
  (net 12 "Net-(J5-PadT)")
  (net 13 "Net-(J6-PadT)")
  (net 14 "Net-(J7-PadT)")
  (net 15 "Net-(J7-PadTN)")
  (net 16 "Net-(JP1-Pad1)")
  (net 17 "Net-(JP2-Pad1)")
  (net 18 "Net-(Q1-Pad3)")
  (net 19 "Net-(Q2-Pad3)")
  (net 20 "Net-(R1-Pad2)")
  (net 21 "Net-(R1-Pad1)")
  (net 22 "Net-(R3-Pad1)")
  (net 23 "Net-(R4-Pad1)")
  (net 24 "Net-(R8-Pad2)")
  (net 25 "Net-(R9-Pad1)")
  (net 26 "Net-(R10-Pad2)")
  (net 27 "Net-(R10-Pad1)")
  (net 28 "Net-(R12-Pad1)")
  (net 29 "Net-(R13-Pad1)")
  (net 30 "Net-(R17-Pad2)")
  (net 31 "Net-(R18-Pad1)")

  (net_class Default "This is the default net class."
    (clearance 0.2)
    (trace_width 0.25)
    (via_dia 0.8)
    (via_drill 0.4)
    (uvia_dia 0.3)
    (uvia_drill 0.1)
    (add_net +12V)
    (add_net -12V)
    (add_net GND)
    (add_net "Net-(D1-Pad1)")
    (add_net "Net-(D1-Pad2)")
    (add_net "Net-(D2-Pad1)")
    (add_net "Net-(D2-Pad2)")
    (add_net "Net-(J1-PadT)")
    (add_net "Net-(J2-PadT)")
    (add_net "Net-(J3-PadT)")
    (add_net "Net-(J3-PadTN)")
    (add_net "Net-(J5-PadT)")
    (add_net "Net-(J6-PadT)")
    (add_net "Net-(J7-PadT)")
    (add_net "Net-(J7-PadTN)")
    (add_net "Net-(JP1-Pad1)")
    (add_net "Net-(JP2-Pad1)")
    (add_net "Net-(Q1-Pad3)")
    (add_net "Net-(Q2-Pad3)")
    (add_net "Net-(R1-Pad1)")
    (add_net "Net-(R1-Pad2)")
    (add_net "Net-(R10-Pad1)")
    (add_net "Net-(R10-Pad2)")
    (add_net "Net-(R12-Pad1)")
    (add_net "Net-(R13-Pad1)")
    (add_net "Net-(R17-Pad2)")
    (add_net "Net-(R18-Pad1)")
    (add_net "Net-(R3-Pad1)")
    (add_net "Net-(R4-Pad1)")
    (add_net "Net-(R8-Pad2)")
    (add_net "Net-(R9-Pad1)")
  )

  (module Capacitor_SMD:C_0603_1608Metric_Pad1.05x0.95mm_HandSolder (layer F.Cu) (tedit 5B301BBE) (tstamp 5C49B652)
    (at 93.781001 39.093401)
    (descr "Capacitor SMD 0603 (1608 Metric), square (rectangular) end terminal, IPC_7351 nominal with elongated pad for handsoldering. (Body size source: http://www.tortai-tech.com/upload/download/2011102023233369053.pdf), generated with kicad-footprint-generator")
    (tags "capacitor handsolder")
    (path /5C4F4DA8)
    (attr smd)
    (fp_text reference C1 (at 0 -1.43) (layer F.SilkS)
      (effects (font (size 1 1) (thickness 0.15)))
    )
    (fp_text value 100n (at 0 1.43) (layer F.Fab)
      (effects (font (size 1 1) (thickness 0.15)))
    )
    (fp_line (start -0.8 0.4) (end -0.8 -0.4) (layer F.Fab) (width 0.1))
    (fp_line (start -0.8 -0.4) (end 0.8 -0.4) (layer F.Fab) (width 0.1))
    (fp_line (start 0.8 -0.4) (end 0.8 0.4) (layer F.Fab) (width 0.1))
    (fp_line (start 0.8 0.4) (end -0.8 0.4) (layer F.Fab) (width 0.1))
    (fp_line (start -0.171267 -0.51) (end 0.171267 -0.51) (layer F.SilkS) (width 0.12))
    (fp_line (start -0.171267 0.51) (end 0.171267 0.51) (layer F.SilkS) (width 0.12))
    (fp_line (start -1.65 0.73) (end -1.65 -0.73) (layer F.CrtYd) (width 0.05))
    (fp_line (start -1.65 -0.73) (end 1.65 -0.73) (layer F.CrtYd) (width 0.05))
    (fp_line (start 1.65 -0.73) (end 1.65 0.73) (layer F.CrtYd) (width 0.05))
    (fp_line (start 1.65 0.73) (end -1.65 0.73) (layer F.CrtYd) (width 0.05))
    (fp_text user %R (at 0 0) (layer F.Fab)
      (effects (font (size 0.4 0.4) (thickness 0.06)))
    )
    (pad 1 smd roundrect (at -0.875 0) (size 1.05 0.95) (layers F.Cu F.Paste F.Mask) (roundrect_rratio 0.25)
      (net 1 +12V))
    (pad 2 smd roundrect (at 0.875 0) (size 1.05 0.95) (layers F.Cu F.Paste F.Mask) (roundrect_rratio 0.25)
      (net 2 GND))
    (model ${KISYS3DMOD}/Capacitor_SMD.3dshapes/C_0603_1608Metric.wrl
      (at (xyz 0 0 0))
      (scale (xyz 1 1 1))
      (rotate (xyz 0 0 0))
    )
  )

  (module Capacitor_SMD:C_0603_1608Metric_Pad1.05x0.95mm_HandSolder (layer F.Cu) (tedit 5B301BBE) (tstamp 5C49B663)
    (at 101.931001 31.693401)
    (descr "Capacitor SMD 0603 (1608 Metric), square (rectangular) end terminal, IPC_7351 nominal with elongated pad for handsoldering. (Body size source: http://www.tortai-tech.com/upload/download/2011102023233369053.pdf), generated with kicad-footprint-generator")
    (tags "capacitor handsolder")
    (path /5C4F4D10)
    (attr smd)
    (fp_text reference C2 (at 0 -1.43) (layer F.SilkS)
      (effects (font (size 1 1) (thickness 0.15)))
    )
    (fp_text value 100n (at 0 1.43) (layer F.Fab)
      (effects (font (size 1 1) (thickness 0.15)))
    )
    (fp_text user %R (at 0 0) (layer F.Fab)
      (effects (font (size 0.4 0.4) (thickness 0.06)))
    )
    (fp_line (start 1.65 0.73) (end -1.65 0.73) (layer F.CrtYd) (width 0.05))
    (fp_line (start 1.65 -0.73) (end 1.65 0.73) (layer F.CrtYd) (width 0.05))
    (fp_line (start -1.65 -0.73) (end 1.65 -0.73) (layer F.CrtYd) (width 0.05))
    (fp_line (start -1.65 0.73) (end -1.65 -0.73) (layer F.CrtYd) (width 0.05))
    (fp_line (start -0.171267 0.51) (end 0.171267 0.51) (layer F.SilkS) (width 0.12))
    (fp_line (start -0.171267 -0.51) (end 0.171267 -0.51) (layer F.SilkS) (width 0.12))
    (fp_line (start 0.8 0.4) (end -0.8 0.4) (layer F.Fab) (width 0.1))
    (fp_line (start 0.8 -0.4) (end 0.8 0.4) (layer F.Fab) (width 0.1))
    (fp_line (start -0.8 -0.4) (end 0.8 -0.4) (layer F.Fab) (width 0.1))
    (fp_line (start -0.8 0.4) (end -0.8 -0.4) (layer F.Fab) (width 0.1))
    (pad 2 smd roundrect (at 0.875 0) (size 1.05 0.95) (layers F.Cu F.Paste F.Mask) (roundrect_rratio 0.25)
      (net 3 -12V))
    (pad 1 smd roundrect (at -0.875 0) (size 1.05 0.95) (layers F.Cu F.Paste F.Mask) (roundrect_rratio 0.25)
      (net 2 GND))
    (model ${KISYS3DMOD}/Capacitor_SMD.3dshapes/C_0603_1608Metric.wrl
      (at (xyz 0 0 0))
      (scale (xyz 1 1 1))
      (rotate (xyz 0 0 0))
    )
  )

  (module Capacitor_SMD:C_0603_1608Metric_Pad1.05x0.95mm_HandSolder (layer F.Cu) (tedit 5B301BBE) (tstamp 5C49B674)
    (at 87.601001 45.663401)
    (descr "Capacitor SMD 0603 (1608 Metric), square (rectangular) end terminal, IPC_7351 nominal with elongated pad for handsoldering. (Body size source: http://www.tortai-tech.com/upload/download/2011102023233369053.pdf), generated with kicad-footprint-generator")
    (tags "capacitor handsolder")
    (path /5C4F4EC2)
    (attr smd)
    (fp_text reference C3 (at 0 -1.43) (layer F.SilkS)
      (effects (font (size 1 1) (thickness 0.15)))
    )
    (fp_text value 100n (at 0 1.43) (layer F.Fab)
      (effects (font (size 1 1) (thickness 0.15)))
    )
    (fp_text user %R (at 0 0) (layer F.Fab)
      (effects (font (size 0.4 0.4) (thickness 0.06)))
    )
    (fp_line (start 1.65 0.73) (end -1.65 0.73) (layer F.CrtYd) (width 0.05))
    (fp_line (start 1.65 -0.73) (end 1.65 0.73) (layer F.CrtYd) (width 0.05))
    (fp_line (start -1.65 -0.73) (end 1.65 -0.73) (layer F.CrtYd) (width 0.05))
    (fp_line (start -1.65 0.73) (end -1.65 -0.73) (layer F.CrtYd) (width 0.05))
    (fp_line (start -0.171267 0.51) (end 0.171267 0.51) (layer F.SilkS) (width 0.12))
    (fp_line (start -0.171267 -0.51) (end 0.171267 -0.51) (layer F.SilkS) (width 0.12))
    (fp_line (start 0.8 0.4) (end -0.8 0.4) (layer F.Fab) (width 0.1))
    (fp_line (start 0.8 -0.4) (end 0.8 0.4) (layer F.Fab) (width 0.1))
    (fp_line (start -0.8 -0.4) (end 0.8 -0.4) (layer F.Fab) (width 0.1))
    (fp_line (start -0.8 0.4) (end -0.8 -0.4) (layer F.Fab) (width 0.1))
    (pad 2 smd roundrect (at 0.875 0) (size 1.05 0.95) (layers F.Cu F.Paste F.Mask) (roundrect_rratio 0.25)
      (net 2 GND))
    (pad 1 smd roundrect (at -0.875 0) (size 1.05 0.95) (layers F.Cu F.Paste F.Mask) (roundrect_rratio 0.25)
      (net 1 +12V))
    (model ${KISYS3DMOD}/Capacitor_SMD.3dshapes/C_0603_1608Metric.wrl
      (at (xyz 0 0 0))
      (scale (xyz 1 1 1))
      (rotate (xyz 0 0 0))
    )
  )

  (module Capacitor_SMD:C_0603_1608Metric_Pad1.05x0.95mm_HandSolder (layer F.Cu) (tedit 5B301BBE) (tstamp 5C49B685)
    (at 80.901001 45.543401)
    (descr "Capacitor SMD 0603 (1608 Metric), square (rectangular) end terminal, IPC_7351 nominal with elongated pad for handsoldering. (Body size source: http://www.tortai-tech.com/upload/download/2011102023233369053.pdf), generated with kicad-footprint-generator")
    (tags "capacitor handsolder")
    (path /5C4F4FB2)
    (attr smd)
    (fp_text reference C4 (at 0 -1.43) (layer F.SilkS)
      (effects (font (size 1 1) (thickness 0.15)))
    )
    (fp_text value 100n (at 0 1.43) (layer F.Fab)
      (effects (font (size 1 1) (thickness 0.15)))
    )
    (fp_line (start -0.8 0.4) (end -0.8 -0.4) (layer F.Fab) (width 0.1))
    (fp_line (start -0.8 -0.4) (end 0.8 -0.4) (layer F.Fab) (width 0.1))
    (fp_line (start 0.8 -0.4) (end 0.8 0.4) (layer F.Fab) (width 0.1))
    (fp_line (start 0.8 0.4) (end -0.8 0.4) (layer F.Fab) (width 0.1))
    (fp_line (start -0.171267 -0.51) (end 0.171267 -0.51) (layer F.SilkS) (width 0.12))
    (fp_line (start -0.171267 0.51) (end 0.171267 0.51) (layer F.SilkS) (width 0.12))
    (fp_line (start -1.65 0.73) (end -1.65 -0.73) (layer F.CrtYd) (width 0.05))
    (fp_line (start -1.65 -0.73) (end 1.65 -0.73) (layer F.CrtYd) (width 0.05))
    (fp_line (start 1.65 -0.73) (end 1.65 0.73) (layer F.CrtYd) (width 0.05))
    (fp_line (start 1.65 0.73) (end -1.65 0.73) (layer F.CrtYd) (width 0.05))
    (fp_text user %R (at 0 0) (layer F.Fab)
      (effects (font (size 0.4 0.4) (thickness 0.06)))
    )
    (pad 1 smd roundrect (at -0.875 0) (size 1.05 0.95) (layers F.Cu F.Paste F.Mask) (roundrect_rratio 0.25)
      (net 2 GND))
    (pad 2 smd roundrect (at 0.875 0) (size 1.05 0.95) (layers F.Cu F.Paste F.Mask) (roundrect_rratio 0.25)
      (net 3 -12V))
    (model ${KISYS3DMOD}/Capacitor_SMD.3dshapes/C_0603_1608Metric.wrl
      (at (xyz 0 0 0))
      (scale (xyz 1 1 1))
      (rotate (xyz 0 0 0))
    )
  )

  (module Capacitor_SMD:C_0603_1608Metric_Pad1.05x0.95mm_HandSolder (layer F.Cu) (tedit 5B301BBE) (tstamp 5C49B696)
    (at 97.081001 34.793401)
    (descr "Capacitor SMD 0603 (1608 Metric), square (rectangular) end terminal, IPC_7351 nominal with elongated pad for handsoldering. (Body size source: http://www.tortai-tech.com/upload/download/2011102023233369053.pdf), generated with kicad-footprint-generator")
    (tags "capacitor handsolder")
    (path /5C4F50C5)
    (attr smd)
    (fp_text reference C5 (at 0 -1.43) (layer F.SilkS)
      (effects (font (size 1 1) (thickness 0.15)))
    )
    (fp_text value 100n (at 0 1.43) (layer F.Fab)
      (effects (font (size 1 1) (thickness 0.15)))
    )
    (fp_text user %R (at 0 0) (layer F.Fab)
      (effects (font (size 0.4 0.4) (thickness 0.06)))
    )
    (fp_line (start 1.65 0.73) (end -1.65 0.73) (layer F.CrtYd) (width 0.05))
    (fp_line (start 1.65 -0.73) (end 1.65 0.73) (layer F.CrtYd) (width 0.05))
    (fp_line (start -1.65 -0.73) (end 1.65 -0.73) (layer F.CrtYd) (width 0.05))
    (fp_line (start -1.65 0.73) (end -1.65 -0.73) (layer F.CrtYd) (width 0.05))
    (fp_line (start -0.171267 0.51) (end 0.171267 0.51) (layer F.SilkS) (width 0.12))
    (fp_line (start -0.171267 -0.51) (end 0.171267 -0.51) (layer F.SilkS) (width 0.12))
    (fp_line (start 0.8 0.4) (end -0.8 0.4) (layer F.Fab) (width 0.1))
    (fp_line (start 0.8 -0.4) (end 0.8 0.4) (layer F.Fab) (width 0.1))
    (fp_line (start -0.8 -0.4) (end 0.8 -0.4) (layer F.Fab) (width 0.1))
    (fp_line (start -0.8 0.4) (end -0.8 -0.4) (layer F.Fab) (width 0.1))
    (pad 2 smd roundrect (at 0.875 0) (size 1.05 0.95) (layers F.Cu F.Paste F.Mask) (roundrect_rratio 0.25)
      (net 2 GND))
    (pad 1 smd roundrect (at -0.875 0) (size 1.05 0.95) (layers F.Cu F.Paste F.Mask) (roundrect_rratio 0.25)
      (net 1 +12V))
    (model ${KISYS3DMOD}/Capacitor_SMD.3dshapes/C_0603_1608Metric.wrl
      (at (xyz 0 0 0))
      (scale (xyz 1 1 1))
      (rotate (xyz 0 0 0))
    )
  )

  (module Capacitor_SMD:C_0603_1608Metric_Pad1.05x0.95mm_HandSolder (layer F.Cu) (tedit 5B301BBE) (tstamp 5C49CBB3)
    (at 101.931001 30.183401)
    (descr "Capacitor SMD 0603 (1608 Metric), square (rectangular) end terminal, IPC_7351 nominal with elongated pad for handsoldering. (Body size source: http://www.tortai-tech.com/upload/download/2011102023233369053.pdf), generated with kicad-footprint-generator")
    (tags "capacitor handsolder")
    (path /5C4F512D)
    (attr smd)
    (fp_text reference C6 (at 0 -1.43) (layer F.SilkS)
      (effects (font (size 1 1) (thickness 0.15)))
    )
    (fp_text value 100n (at 0 1.43) (layer F.Fab)
      (effects (font (size 1 1) (thickness 0.15)))
    )
    (fp_line (start -0.8 0.4) (end -0.8 -0.4) (layer F.Fab) (width 0.1))
    (fp_line (start -0.8 -0.4) (end 0.8 -0.4) (layer F.Fab) (width 0.1))
    (fp_line (start 0.8 -0.4) (end 0.8 0.4) (layer F.Fab) (width 0.1))
    (fp_line (start 0.8 0.4) (end -0.8 0.4) (layer F.Fab) (width 0.1))
    (fp_line (start -0.171267 -0.51) (end 0.171267 -0.51) (layer F.SilkS) (width 0.12))
    (fp_line (start -0.171267 0.51) (end 0.171267 0.51) (layer F.SilkS) (width 0.12))
    (fp_line (start -1.65 0.73) (end -1.65 -0.73) (layer F.CrtYd) (width 0.05))
    (fp_line (start -1.65 -0.73) (end 1.65 -0.73) (layer F.CrtYd) (width 0.05))
    (fp_line (start 1.65 -0.73) (end 1.65 0.73) (layer F.CrtYd) (width 0.05))
    (fp_line (start 1.65 0.73) (end -1.65 0.73) (layer F.CrtYd) (width 0.05))
    (fp_text user %R (at 0 0) (layer F.Fab)
      (effects (font (size 0.4 0.4) (thickness 0.06)))
    )
    (pad 1 smd roundrect (at -0.875 0) (size 1.05 0.95) (layers F.Cu F.Paste F.Mask) (roundrect_rratio 0.25)
      (net 2 GND))
    (pad 2 smd roundrect (at 0.875 0) (size 1.05 0.95) (layers F.Cu F.Paste F.Mask) (roundrect_rratio 0.25)
      (net 3 -12V))
    (model ${KISYS3DMOD}/Capacitor_SMD.3dshapes/C_0603_1608Metric.wrl
      (at (xyz 0 0 0))
      (scale (xyz 1 1 1))
      (rotate (xyz 0 0 0))
    )
  )

  (module Capacitor_SMD:CP_Elec_4x5.4 (layer F.Cu) (tedit 5A841F9D) (tstamp 5C49B6CF)
    (at 80.3656 25.7556)
    (descr "SMT capacitor, aluminium electrolytic, 4x5.4, Panasonic A5, Nichicon ")
    (tags "Capacitor Electrolytic")
    (path /5C4F51AE)
    (attr smd)
    (fp_text reference C7 (at 0 -3.2) (layer F.SilkS)
      (effects (font (size 1 1) (thickness 0.15)))
    )
    (fp_text value 10u (at 0 3.2) (layer F.Fab)
      (effects (font (size 1 1) (thickness 0.15)))
    )
    (fp_text user %R (at 0 0) (layer F.Fab)
      (effects (font (size 0.8 0.8) (thickness 0.12)))
    )
    (fp_line (start -3.35 1.05) (end -2.4 1.05) (layer F.CrtYd) (width 0.05))
    (fp_line (start -3.35 -1.05) (end -3.35 1.05) (layer F.CrtYd) (width 0.05))
    (fp_line (start -2.4 -1.05) (end -3.35 -1.05) (layer F.CrtYd) (width 0.05))
    (fp_line (start -2.4 1.05) (end -2.4 1.25) (layer F.CrtYd) (width 0.05))
    (fp_line (start -2.4 -1.25) (end -2.4 -1.05) (layer F.CrtYd) (width 0.05))
    (fp_line (start -2.4 -1.25) (end -1.25 -2.4) (layer F.CrtYd) (width 0.05))
    (fp_line (start -2.4 1.25) (end -1.25 2.4) (layer F.CrtYd) (width 0.05))
    (fp_line (start -1.25 -2.4) (end 2.4 -2.4) (layer F.CrtYd) (width 0.05))
    (fp_line (start -1.25 2.4) (end 2.4 2.4) (layer F.CrtYd) (width 0.05))
    (fp_line (start 2.4 1.05) (end 2.4 2.4) (layer F.CrtYd) (width 0.05))
    (fp_line (start 3.35 1.05) (end 2.4 1.05) (layer F.CrtYd) (width 0.05))
    (fp_line (start 3.35 -1.05) (end 3.35 1.05) (layer F.CrtYd) (width 0.05))
    (fp_line (start 2.4 -1.05) (end 3.35 -1.05) (layer F.CrtYd) (width 0.05))
    (fp_line (start 2.4 -2.4) (end 2.4 -1.05) (layer F.CrtYd) (width 0.05))
    (fp_line (start -2.75 -1.81) (end -2.75 -1.31) (layer F.SilkS) (width 0.12))
    (fp_line (start -3 -1.56) (end -2.5 -1.56) (layer F.SilkS) (width 0.12))
    (fp_line (start -2.26 1.195563) (end -1.195563 2.26) (layer F.SilkS) (width 0.12))
    (fp_line (start -2.26 -1.195563) (end -1.195563 -2.26) (layer F.SilkS) (width 0.12))
    (fp_line (start -2.26 -1.195563) (end -2.26 -1.06) (layer F.SilkS) (width 0.12))
    (fp_line (start -2.26 1.195563) (end -2.26 1.06) (layer F.SilkS) (width 0.12))
    (fp_line (start -1.195563 2.26) (end 2.26 2.26) (layer F.SilkS) (width 0.12))
    (fp_line (start -1.195563 -2.26) (end 2.26 -2.26) (layer F.SilkS) (width 0.12))
    (fp_line (start 2.26 -2.26) (end 2.26 -1.06) (layer F.SilkS) (width 0.12))
    (fp_line (start 2.26 2.26) (end 2.26 1.06) (layer F.SilkS) (width 0.12))
    (fp_line (start -1.374773 -1.2) (end -1.374773 -0.8) (layer F.Fab) (width 0.1))
    (fp_line (start -1.574773 -1) (end -1.174773 -1) (layer F.Fab) (width 0.1))
    (fp_line (start -2.15 1.15) (end -1.15 2.15) (layer F.Fab) (width 0.1))
    (fp_line (start -2.15 -1.15) (end -1.15 -2.15) (layer F.Fab) (width 0.1))
    (fp_line (start -2.15 -1.15) (end -2.15 1.15) (layer F.Fab) (width 0.1))
    (fp_line (start -1.15 2.15) (end 2.15 2.15) (layer F.Fab) (width 0.1))
    (fp_line (start -1.15 -2.15) (end 2.15 -2.15) (layer F.Fab) (width 0.1))
    (fp_line (start 2.15 -2.15) (end 2.15 2.15) (layer F.Fab) (width 0.1))
    (fp_circle (center 0 0) (end 2 0) (layer F.Fab) (width 0.1))
    (pad 2 smd rect (at 1.8 0) (size 2.6 1.6) (layers F.Cu F.Paste F.Mask)
      (net 2 GND))
    (pad 1 smd rect (at -1.8 0) (size 2.6 1.6) (layers F.Cu F.Paste F.Mask)
      (net 1 +12V))
    (model ${KISYS3DMOD}/Capacitor_SMD.3dshapes/CP_Elec_4x5.4.wrl
      (at (xyz 0 0 0))
      (scale (xyz 1 1 1))
      (rotate (xyz 0 0 0))
    )
  )

  (module Capacitor_SMD:CP_Elec_4x5.4 (layer F.Cu) (tedit 5A841F9D) (tstamp 5C49B6F7)
    (at 80.7212 30.7848 180)
    (descr "SMT capacitor, aluminium electrolytic, 4x5.4, Panasonic A5, Nichicon ")
    (tags "Capacitor Electrolytic")
    (path /5C4F5216)
    (attr smd)
    (fp_text reference C8 (at 0 -3.2 180) (layer F.SilkS)
      (effects (font (size 1 1) (thickness 0.15)))
    )
    (fp_text value 10u (at 0 3.2 180) (layer F.Fab)
      (effects (font (size 1 1) (thickness 0.15)))
    )
    (fp_circle (center 0 0) (end 2 0) (layer F.Fab) (width 0.1))
    (fp_line (start 2.15 -2.15) (end 2.15 2.15) (layer F.Fab) (width 0.1))
    (fp_line (start -1.15 -2.15) (end 2.15 -2.15) (layer F.Fab) (width 0.1))
    (fp_line (start -1.15 2.15) (end 2.15 2.15) (layer F.Fab) (width 0.1))
    (fp_line (start -2.15 -1.15) (end -2.15 1.15) (layer F.Fab) (width 0.1))
    (fp_line (start -2.15 -1.15) (end -1.15 -2.15) (layer F.Fab) (width 0.1))
    (fp_line (start -2.15 1.15) (end -1.15 2.15) (layer F.Fab) (width 0.1))
    (fp_line (start -1.574773 -1) (end -1.174773 -1) (layer F.Fab) (width 0.1))
    (fp_line (start -1.374773 -1.2) (end -1.374773 -0.8) (layer F.Fab) (width 0.1))
    (fp_line (start 2.26 2.26) (end 2.26 1.06) (layer F.SilkS) (width 0.12))
    (fp_line (start 2.26 -2.26) (end 2.26 -1.06) (layer F.SilkS) (width 0.12))
    (fp_line (start -1.195563 -2.26) (end 2.26 -2.26) (layer F.SilkS) (width 0.12))
    (fp_line (start -1.195563 2.26) (end 2.26 2.26) (layer F.SilkS) (width 0.12))
    (fp_line (start -2.26 1.195563) (end -2.26 1.06) (layer F.SilkS) (width 0.12))
    (fp_line (start -2.26 -1.195563) (end -2.26 -1.06) (layer F.SilkS) (width 0.12))
    (fp_line (start -2.26 -1.195563) (end -1.195563 -2.26) (layer F.SilkS) (width 0.12))
    (fp_line (start -2.26 1.195563) (end -1.195563 2.26) (layer F.SilkS) (width 0.12))
    (fp_line (start -3 -1.56) (end -2.5 -1.56) (layer F.SilkS) (width 0.12))
    (fp_line (start -2.75 -1.81) (end -2.75 -1.31) (layer F.SilkS) (width 0.12))
    (fp_line (start 2.4 -2.4) (end 2.4 -1.05) (layer F.CrtYd) (width 0.05))
    (fp_line (start 2.4 -1.05) (end 3.35 -1.05) (layer F.CrtYd) (width 0.05))
    (fp_line (start 3.35 -1.05) (end 3.35 1.05) (layer F.CrtYd) (width 0.05))
    (fp_line (start 3.35 1.05) (end 2.4 1.05) (layer F.CrtYd) (width 0.05))
    (fp_line (start 2.4 1.05) (end 2.4 2.4) (layer F.CrtYd) (width 0.05))
    (fp_line (start -1.25 2.4) (end 2.4 2.4) (layer F.CrtYd) (width 0.05))
    (fp_line (start -1.25 -2.4) (end 2.4 -2.4) (layer F.CrtYd) (width 0.05))
    (fp_line (start -2.4 1.25) (end -1.25 2.4) (layer F.CrtYd) (width 0.05))
    (fp_line (start -2.4 -1.25) (end -1.25 -2.4) (layer F.CrtYd) (width 0.05))
    (fp_line (start -2.4 -1.25) (end -2.4 -1.05) (layer F.CrtYd) (width 0.05))
    (fp_line (start -2.4 1.05) (end -2.4 1.25) (layer F.CrtYd) (width 0.05))
    (fp_line (start -2.4 -1.05) (end -3.35 -1.05) (layer F.CrtYd) (width 0.05))
    (fp_line (start -3.35 -1.05) (end -3.35 1.05) (layer F.CrtYd) (width 0.05))
    (fp_line (start -3.35 1.05) (end -2.4 1.05) (layer F.CrtYd) (width 0.05))
    (fp_text user %R (at 0 0 180) (layer F.Fab)
      (effects (font (size 0.8 0.8) (thickness 0.12)))
    )
    (pad 1 smd rect (at -1.8 0 180) (size 2.6 1.6) (layers F.Cu F.Paste F.Mask)
      (net 2 GND))
    (pad 2 smd rect (at 1.8 0 180) (size 2.6 1.6) (layers F.Cu F.Paste F.Mask)
      (net 3 -12V))
    (model ${KISYS3DMOD}/Capacitor_SMD.3dshapes/CP_Elec_4x5.4.wrl
      (at (xyz 0 0 0))
      (scale (xyz 1 1 1))
      (rotate (xyz 0 0 0))
    )
  )

  (module Diode_SMD:D_0603_1608Metric_Pad1.05x0.95mm_HandSolder (layer F.Cu) (tedit 5B4B45C8) (tstamp 5C49B70A)
    (at 87.3252 50.546 90)
    (descr "Diode SMD 0603 (1608 Metric), square (rectangular) end terminal, IPC_7351 nominal, (Body size source: http://www.tortai-tech.com/upload/download/2011102023233369053.pdf), generated with kicad-footprint-generator")
    (tags "diode handsolder")
    (path /5C4ABF19)
    (attr smd)
    (fp_text reference D1 (at 0 -1.43 90) (layer F.SilkS)
      (effects (font (size 1 1) (thickness 0.15)))
    )
    (fp_text value 1N4148 (at 0 1.43 90) (layer F.Fab)
      (effects (font (size 1 1) (thickness 0.15)))
    )
    (fp_text user %R (at 0 0 90) (layer F.Fab)
      (effects (font (size 0.4 0.4) (thickness 0.06)))
    )
    (fp_line (start 1.65 0.73) (end -1.65 0.73) (layer F.CrtYd) (width 0.05))
    (fp_line (start 1.65 -0.73) (end 1.65 0.73) (layer F.CrtYd) (width 0.05))
    (fp_line (start -1.65 -0.73) (end 1.65 -0.73) (layer F.CrtYd) (width 0.05))
    (fp_line (start -1.65 0.73) (end -1.65 -0.73) (layer F.CrtYd) (width 0.05))
    (fp_line (start -1.66 0.735) (end 0.8 0.735) (layer F.SilkS) (width 0.12))
    (fp_line (start -1.66 -0.735) (end -1.66 0.735) (layer F.SilkS) (width 0.12))
    (fp_line (start 0.8 -0.735) (end -1.66 -0.735) (layer F.SilkS) (width 0.12))
    (fp_line (start 0.8 0.4) (end 0.8 -0.4) (layer F.Fab) (width 0.1))
    (fp_line (start -0.8 0.4) (end 0.8 0.4) (layer F.Fab) (width 0.1))
    (fp_line (start -0.8 -0.1) (end -0.8 0.4) (layer F.Fab) (width 0.1))
    (fp_line (start -0.5 -0.4) (end -0.8 -0.1) (layer F.Fab) (width 0.1))
    (fp_line (start 0.8 -0.4) (end -0.5 -0.4) (layer F.Fab) (width 0.1))
    (pad 2 smd roundrect (at 0.875 0 90) (size 1.05 0.95) (layers F.Cu F.Paste F.Mask) (roundrect_rratio 0.25)
      (net 4 "Net-(D1-Pad2)"))
    (pad 1 smd roundrect (at -0.875 0 90) (size 1.05 0.95) (layers F.Cu F.Paste F.Mask) (roundrect_rratio 0.25)
      (net 5 "Net-(D1-Pad1)"))
    (model ${KISYS3DMOD}/Diode_SMD.3dshapes/D_0603_1608Metric.wrl
      (at (xyz 0 0 0))
      (scale (xyz 1 1 1))
      (rotate (xyz 0 0 0))
    )
  )

  (module Diode_SMD:D_0603_1608Metric_Pad1.05x0.95mm_HandSolder (layer F.Cu) (tedit 5B4B45C8) (tstamp 5C49B71D)
    (at 77.496001 37.773401)
    (descr "Diode SMD 0603 (1608 Metric), square (rectangular) end terminal, IPC_7351 nominal, (Body size source: http://www.tortai-tech.com/upload/download/2011102023233369053.pdf), generated with kicad-footprint-generator")
    (tags "diode handsolder")
    (path /5C531D6F)
    (attr smd)
    (fp_text reference D2 (at 0 -1.43) (layer F.SilkS)
      (effects (font (size 1 1) (thickness 0.15)))
    )
    (fp_text value 1N4148 (at 0 1.43) (layer F.Fab)
      (effects (font (size 1 1) (thickness 0.15)))
    )
    (fp_line (start 0.8 -0.4) (end -0.5 -0.4) (layer F.Fab) (width 0.1))
    (fp_line (start -0.5 -0.4) (end -0.8 -0.1) (layer F.Fab) (width 0.1))
    (fp_line (start -0.8 -0.1) (end -0.8 0.4) (layer F.Fab) (width 0.1))
    (fp_line (start -0.8 0.4) (end 0.8 0.4) (layer F.Fab) (width 0.1))
    (fp_line (start 0.8 0.4) (end 0.8 -0.4) (layer F.Fab) (width 0.1))
    (fp_line (start 0.8 -0.735) (end -1.66 -0.735) (layer F.SilkS) (width 0.12))
    (fp_line (start -1.66 -0.735) (end -1.66 0.735) (layer F.SilkS) (width 0.12))
    (fp_line (start -1.66 0.735) (end 0.8 0.735) (layer F.SilkS) (width 0.12))
    (fp_line (start -1.65 0.73) (end -1.65 -0.73) (layer F.CrtYd) (width 0.05))
    (fp_line (start -1.65 -0.73) (end 1.65 -0.73) (layer F.CrtYd) (width 0.05))
    (fp_line (start 1.65 -0.73) (end 1.65 0.73) (layer F.CrtYd) (width 0.05))
    (fp_line (start 1.65 0.73) (end -1.65 0.73) (layer F.CrtYd) (width 0.05))
    (fp_text user %R (at 0 0) (layer F.Fab)
      (effects (font (size 0.4 0.4) (thickness 0.06)))
    )
    (pad 1 smd roundrect (at -0.875 0) (size 1.05 0.95) (layers F.Cu F.Paste F.Mask) (roundrect_rratio 0.25)
      (net 6 "Net-(D2-Pad1)"))
    (pad 2 smd roundrect (at 0.875 0) (size 1.05 0.95) (layers F.Cu F.Paste F.Mask) (roundrect_rratio 0.25)
      (net 7 "Net-(D2-Pad2)"))
    (model ${KISYS3DMOD}/Diode_SMD.3dshapes/D_0603_1608Metric.wrl
      (at (xyz 0 0 0))
      (scale (xyz 1 1 1))
      (rotate (xyz 0 0 0))
    )
  )

  (module KraakenStuff:PJ301M-12 (layer B.Cu) (tedit 5C34610A) (tstamp 5C49B71E)
    (at 59.689999 45.1612 180)
    (path /5B826AB5)
    (fp_text reference J1 (at 3.8354 3.9116 180) (layer B.SilkS)
      (effects (font (size 1.2065 1.2065) (thickness 0.1524)) (justify left bottom mirror))
    )
    (fp_text value IN1 (at -5.664201 2.54 180) (layer B.SilkS)
      (effects (font (size 0.7 0.7) (thickness 0.1524)) (justify left bottom mirror))
    )
    (fp_circle (center 0 0) (end 3.175 0) (layer Cmts.User) (width 0.0254))
    (fp_circle (center -0.0127 0) (end 1.5113 0) (layer Cmts.User) (width 0.1))
    (fp_circle (center -0.0127 0) (end 2.2733 0) (layer B.SilkS) (width 0.127))
    (fp_circle (center -0.0127 0) (end 1.5621 0) (layer B.SilkS) (width 0.127))
    (fp_line (start 4.4958 -4.445) (end 4.4958 4.445) (layer B.SilkS) (width 0.254))
    (fp_line (start -6.1722 -4.445) (end 4.4958 -4.445) (layer B.SilkS) (width 0.254))
    (fp_line (start -6.1722 4.445) (end -6.1722 -4.445) (layer B.SilkS) (width 0.254))
    (fp_line (start 4.4958 4.445) (end -6.1722 4.445) (layer B.SilkS) (width 0.254))
    (pad "" np_thru_hole circle (at 0 0 180) (size 2.8 2.8) (drill 2.6) (layers *.Cu *.Mask))
    (pad TN thru_hole circle (at 3.3528 0 180) (size 1.9304 1.9304) (drill 1.143) (layers *.Cu *.Mask)
      (net 2 GND) (solder_mask_margin 0.127))
    (pad S thru_hole circle (at 5.7658 0 180) (size 1.9304 1.9304) (drill 0.889) (layers *.Cu *.Mask)
      (net 2 GND) (solder_mask_margin 0.127))
    (pad T thru_hole circle (at -5.207 0 180) (size 1.9304 1.9304) (drill 1.143) (layers *.Cu *.Mask)
      (net 8 "Net-(J1-PadT)") (solder_mask_margin 0.127))
    (model ${GDOC}/_lib/packages3d/PJ301M-12.WRL
      (offset (xyz -0.8889999866485596 0.4063999938964844 0))
      (scale (xyz 393 393 393))
      (rotate (xyz 0 0 -90))
    )
  )

  (module KraakenStuff:PJ301M-12 (layer B.Cu) (tedit 5C34610A) (tstamp 5C49C63B)
    (at 59.69 55.626 180)
    (path /5B826ACF)
    (fp_text reference J2 (at 3.8354 3.9116 180) (layer B.SilkS)
      (effects (font (size 1.2065 1.2065) (thickness 0.1524)) (justify left bottom mirror))
    )
    (fp_text value CV1 (at -5.664201 2.8575 180) (layer B.SilkS)
      (effects (font (size 0.7 0.7) (thickness 0.1524)) (justify left bottom mirror))
    )
    (fp_circle (center 0 0) (end 3.175 0) (layer Cmts.User) (width 0.0254))
    (fp_circle (center -0.0127 0) (end 1.5113 0) (layer Cmts.User) (width 0.1))
    (fp_circle (center -0.0127 0) (end 2.2733 0) (layer B.SilkS) (width 0.127))
    (fp_circle (center -0.0127 0) (end 1.5621 0) (layer B.SilkS) (width 0.127))
    (fp_line (start 4.4958 -4.445) (end 4.4958 4.445) (layer B.SilkS) (width 0.254))
    (fp_line (start -6.1722 -4.445) (end 4.4958 -4.445) (layer B.SilkS) (width 0.254))
    (fp_line (start -6.1722 4.445) (end -6.1722 -4.445) (layer B.SilkS) (width 0.254))
    (fp_line (start 4.4958 4.445) (end -6.1722 4.445) (layer B.SilkS) (width 0.254))
    (pad "" np_thru_hole circle (at 0 0 180) (size 2.8 2.8) (drill 2.6) (layers *.Cu *.Mask))
    (pad TN thru_hole circle (at 3.3528 0 180) (size 1.9304 1.9304) (drill 1.143) (layers *.Cu *.Mask)
      (net 2 GND) (solder_mask_margin 0.127))
    (pad S thru_hole circle (at 5.7658 0 180) (size 1.9304 1.9304) (drill 0.889) (layers *.Cu *.Mask)
      (net 2 GND) (solder_mask_margin 0.127))
    (pad T thru_hole circle (at -5.207 0 180) (size 1.9304 1.9304) (drill 1.143) (layers *.Cu *.Mask)
      (net 9 "Net-(J2-PadT)") (solder_mask_margin 0.127))
    (model ${GDOC}/_lib/packages3d/PJ301M-12.WRL
      (offset (xyz -0.8889999866485596 0.4063999938964844 0))
      (scale (xyz 393 393 393))
      (rotate (xyz 0 0 -90))
    )
  )

  (module KraakenStuff:PJ301M-12 (layer B.Cu) (tedit 5C34610A) (tstamp 5C49B73C)
    (at 59.689999 66.13088 180)
    (path /5B826B28)
    (fp_text reference J3 (at 3.8354 3.9116 180) (layer B.SilkS)
      (effects (font (size 1.2065 1.2065) (thickness 0.1524)) (justify left bottom mirror))
    )
    (fp_text value OUT1 (at -5.715 2.54 180) (layer B.SilkS)
      (effects (font (size 0.7 0.7) (thickness 0.1524)) (justify left bottom mirror))
    )
    (fp_line (start 4.4958 4.445) (end -6.1722 4.445) (layer B.SilkS) (width 0.254))
    (fp_line (start -6.1722 4.445) (end -6.1722 -4.445) (layer B.SilkS) (width 0.254))
    (fp_line (start -6.1722 -4.445) (end 4.4958 -4.445) (layer B.SilkS) (width 0.254))
    (fp_line (start 4.4958 -4.445) (end 4.4958 4.445) (layer B.SilkS) (width 0.254))
    (fp_circle (center -0.0127 0) (end 1.5621 0) (layer B.SilkS) (width 0.127))
    (fp_circle (center -0.0127 0) (end 2.2733 0) (layer B.SilkS) (width 0.127))
    (fp_circle (center -0.0127 0) (end 1.5113 0) (layer Cmts.User) (width 0.1))
    (fp_circle (center 0 0) (end 3.175 0) (layer Cmts.User) (width 0.0254))
    (pad T thru_hole circle (at -5.207 0 180) (size 1.9304 1.9304) (drill 1.143) (layers *.Cu *.Mask)
      (net 10 "Net-(J3-PadT)") (solder_mask_margin 0.127))
    (pad S thru_hole circle (at 5.7658 0 180) (size 1.9304 1.9304) (drill 0.889) (layers *.Cu *.Mask)
      (net 2 GND) (solder_mask_margin 0.127))
    (pad TN thru_hole circle (at 3.3528 0 180) (size 1.9304 1.9304) (drill 1.143) (layers *.Cu *.Mask)
      (net 11 "Net-(J3-PadTN)") (solder_mask_margin 0.127))
    (pad "" np_thru_hole circle (at 0 0 180) (size 2.8 2.8) (drill 2.6) (layers *.Cu *.Mask))
    (model ${GDOC}/_lib/packages3d/PJ301M-12.WRL
      (offset (xyz -0.8889999866485596 0.4063999938964844 0))
      (scale (xyz 393 393 393))
      (rotate (xyz 0 0 -90))
    )
  )

  (module Connector_PinHeader_2.54mm:PinHeader_1x03_P2.54mm_Vertical (layer F.Cu) (tedit 59FED5CC) (tstamp 5C49C94C)
    (at 116.3828 35.5092 180)
    (descr "Through hole straight pin header, 1x03, 2.54mm pitch, single row")
    (tags "Through hole pin header THT 1x03 2.54mm single row")
    (path /5C5117AE)
    (fp_text reference J4 (at 0 -2.33 180) (layer F.SilkS)
      (effects (font (size 1 1) (thickness 0.15)))
    )
    (fp_text value Conn_01x03 (at 0 7.41 180) (layer F.Fab)
      (effects (font (size 1 1) (thickness 0.15)))
    )
    (fp_line (start -0.635 -1.27) (end 1.27 -1.27) (layer F.Fab) (width 0.1))
    (fp_line (start 1.27 -1.27) (end 1.27 6.35) (layer F.Fab) (width 0.1))
    (fp_line (start 1.27 6.35) (end -1.27 6.35) (layer F.Fab) (width 0.1))
    (fp_line (start -1.27 6.35) (end -1.27 -0.635) (layer F.Fab) (width 0.1))
    (fp_line (start -1.27 -0.635) (end -0.635 -1.27) (layer F.Fab) (width 0.1))
    (fp_line (start -1.33 6.41) (end 1.33 6.41) (layer F.SilkS) (width 0.12))
    (fp_line (start -1.33 1.27) (end -1.33 6.41) (layer F.SilkS) (width 0.12))
    (fp_line (start 1.33 1.27) (end 1.33 6.41) (layer F.SilkS) (width 0.12))
    (fp_line (start -1.33 1.27) (end 1.33 1.27) (layer F.SilkS) (width 0.12))
    (fp_line (start -1.33 0) (end -1.33 -1.33) (layer F.SilkS) (width 0.12))
    (fp_line (start -1.33 -1.33) (end 0 -1.33) (layer F.SilkS) (width 0.12))
    (fp_line (start -1.8 -1.8) (end -1.8 6.85) (layer F.CrtYd) (width 0.05))
    (fp_line (start -1.8 6.85) (end 1.8 6.85) (layer F.CrtYd) (width 0.05))
    (fp_line (start 1.8 6.85) (end 1.8 -1.8) (layer F.CrtYd) (width 0.05))
    (fp_line (start 1.8 -1.8) (end -1.8 -1.8) (layer F.CrtYd) (width 0.05))
    (fp_text user %R (at 0 2.54 270) (layer F.Fab)
      (effects (font (size 1 1) (thickness 0.15)))
    )
    (pad 1 thru_hole rect (at 0 0 180) (size 1.7 1.7) (drill 1) (layers *.Cu *.Mask)
      (net 1 +12V))
    (pad 2 thru_hole oval (at 0 2.54 180) (size 1.7 1.7) (drill 1) (layers *.Cu *.Mask)
      (net 2 GND))
    (pad 3 thru_hole oval (at 0 5.08 180) (size 1.7 1.7) (drill 1) (layers *.Cu *.Mask)
      (net 3 -12V))
    (model ${KISYS3DMOD}/Connector_PinHeader_2.54mm.3dshapes/PinHeader_1x03_P2.54mm_Vertical.wrl
      (at (xyz 0 0 0))
      (scale (xyz 1 1 1))
      (rotate (xyz 0 0 0))
    )
  )

  (module KraakenStuff:PJ301M-12 (layer B.Cu) (tedit 5C34610A) (tstamp 5C49C00E)
    (at 45.72 55.65338)
    (path /5C531CF0)
    (fp_text reference J5 (at 3.8354 3.9116) (layer B.SilkS)
      (effects (font (size 1.2065 1.2065) (thickness 0.1524)) (justify left bottom mirror))
    )
    (fp_text value CV2 (at -3.175 -2.8575) (layer B.SilkS)
      (effects (font (size 0.7 0.7) (thickness 0.1524)) (justify left bottom mirror))
    )
    (fp_line (start 4.4958 4.445) (end -6.1722 4.445) (layer B.SilkS) (width 0.254))
    (fp_line (start -6.1722 4.445) (end -6.1722 -4.445) (layer B.SilkS) (width 0.254))
    (fp_line (start -6.1722 -4.445) (end 4.4958 -4.445) (layer B.SilkS) (width 0.254))
    (fp_line (start 4.4958 -4.445) (end 4.4958 4.445) (layer B.SilkS) (width 0.254))
    (fp_circle (center -0.0127 0) (end 1.5621 0) (layer B.SilkS) (width 0.127))
    (fp_circle (center -0.0127 0) (end 2.2733 0) (layer B.SilkS) (width 0.127))
    (fp_circle (center -0.0127 0) (end 1.5113 0) (layer Cmts.User) (width 0.1))
    (fp_circle (center 0 0) (end 3.175 0) (layer Cmts.User) (width 0.0254))
    (pad T thru_hole circle (at -5.207 0) (size 1.9304 1.9304) (drill 1.143) (layers *.Cu *.Mask)
      (net 12 "Net-(J5-PadT)") (solder_mask_margin 0.127))
    (pad S thru_hole circle (at 5.7658 0) (size 1.9304 1.9304) (drill 0.889) (layers *.Cu *.Mask)
      (net 2 GND) (solder_mask_margin 0.127))
    (pad TN thru_hole circle (at 3.3528 0) (size 1.9304 1.9304) (drill 1.143) (layers *.Cu *.Mask)
      (net 2 GND) (solder_mask_margin 0.127))
    (pad "" np_thru_hole circle (at 0 0) (size 2.8 2.8) (drill 2.6) (layers *.Cu *.Mask))
    (model ${GDOC}/_lib/packages3d/PJ301M-12.WRL
      (offset (xyz -0.8889999866485596 0.4063999938964844 0))
      (scale (xyz 393 393 393))
      (rotate (xyz 0 0 -90))
    )
  )

  (module KraakenStuff:PJ301M-12 (layer B.Cu) (tedit 5C34610A) (tstamp 5C49B770)
    (at 45.72 45.1612)
    (path /5C531CEA)
    (fp_text reference J6 (at 3.8354 3.9116) (layer B.SilkS)
      (effects (font (size 1.2065 1.2065) (thickness 0.1524)) (justify left bottom mirror))
    )
    (fp_text value IN2 (at -2.54 -2.54) (layer B.SilkS)
      (effects (font (size 0.7 0.7) (thickness 0.1524)) (justify left bottom mirror))
    )
    (fp_circle (center 0 0) (end 3.175 0) (layer Cmts.User) (width 0.0254))
    (fp_circle (center -0.0127 0) (end 1.5113 0) (layer Cmts.User) (width 0.1))
    (fp_circle (center -0.0127 0) (end 2.2733 0) (layer B.SilkS) (width 0.127))
    (fp_circle (center -0.0127 0) (end 1.5621 0) (layer B.SilkS) (width 0.127))
    (fp_line (start 4.4958 -4.445) (end 4.4958 4.445) (layer B.SilkS) (width 0.254))
    (fp_line (start -6.1722 -4.445) (end 4.4958 -4.445) (layer B.SilkS) (width 0.254))
    (fp_line (start -6.1722 4.445) (end -6.1722 -4.445) (layer B.SilkS) (width 0.254))
    (fp_line (start 4.4958 4.445) (end -6.1722 4.445) (layer B.SilkS) (width 0.254))
    (pad "" np_thru_hole circle (at 0 0) (size 2.8 2.8) (drill 2.6) (layers *.Cu *.Mask))
    (pad TN thru_hole circle (at 3.3528 0) (size 1.9304 1.9304) (drill 1.143) (layers *.Cu *.Mask)
      (net 2 GND) (solder_mask_margin 0.127))
    (pad S thru_hole circle (at 5.7658 0) (size 1.9304 1.9304) (drill 0.889) (layers *.Cu *.Mask)
      (net 2 GND) (solder_mask_margin 0.127))
    (pad T thru_hole circle (at -5.207 0) (size 1.9304 1.9304) (drill 1.143) (layers *.Cu *.Mask)
      (net 13 "Net-(J6-PadT)") (solder_mask_margin 0.127))
    (model ${GDOC}/_lib/packages3d/PJ301M-12.WRL
      (offset (xyz -0.8889999866485596 0.4063999938964844 0))
      (scale (xyz 393 393 393))
      (rotate (xyz 0 0 -90))
    )
  )

  (module KraakenStuff:PJ301M-12 (layer B.Cu) (tedit 5C34610A) (tstamp 5C49B78E)
    (at 45.72 66.13088)
    (path /5C531CF6)
    (fp_text reference J7 (at 3.8354 3.81) (layer B.SilkS)
      (effects (font (size 1.2065 1.2065) (thickness 0.1524)) (justify left bottom mirror))
    )
    (fp_text value OUT2 (at -1.6764 3.81) (layer B.SilkS)
      (effects (font (size 0.7 0.7) (thickness 0.1524)) (justify left bottom mirror))
    )
    (fp_line (start 4.4958 4.445) (end -6.1722 4.445) (layer B.SilkS) (width 0.254))
    (fp_line (start -6.1722 4.445) (end -6.1722 -4.445) (layer B.SilkS) (width 0.254))
    (fp_line (start -6.1722 -4.445) (end 4.4958 -4.445) (layer B.SilkS) (width 0.254))
    (fp_line (start 4.4958 -4.445) (end 4.4958 4.445) (layer B.SilkS) (width 0.254))
    (fp_circle (center -0.0127 0) (end 1.5621 0) (layer B.SilkS) (width 0.127))
    (fp_circle (center -0.0127 0) (end 2.2733 0) (layer B.SilkS) (width 0.127))
    (fp_circle (center -0.0127 0) (end 1.5113 0) (layer Cmts.User) (width 0.1))
    (fp_circle (center 0 0) (end 3.175 0) (layer Cmts.User) (width 0.0254))
    (pad T thru_hole circle (at -5.207 0) (size 1.9304 1.9304) (drill 1.143) (layers *.Cu *.Mask)
      (net 14 "Net-(J7-PadT)") (solder_mask_margin 0.127))
