(kicad_pcb (version 20171130) (host pcbnew "(5.0.0)")

  (general
    (thickness 1.6)
    (drawings 8)
    (tracks 0)
    (zones 0)
    (modules 8)
    (nets 23)
  )

  (page A4)
  (layers
    (0 F.Cu signal)
    (31 B.Cu signal)
    (32 B.Adhes user)
    (33 F.Adhes user)
    (34 B.Paste user)
    (35 F.Paste user)
    (36 B.SilkS user)
    (37 F.SilkS user)
    (38 B.Mask user)
    (39 F.Mask user)
    (40 Dwgs.User user)
    (41 Cmts.User user)
    (42 Eco1.User user)
    (43 Eco2.User user)
    (44 Edge.Cuts user)
    (45 Margin user)
    (46 B.CrtYd user)
    (47 F.CrtYd user)
    (48 B.Fab user)
    (49 F.Fab user)
  )

  (setup
    (last_trace_width 0.25)
    (trace_clearance 0.2)
    (zone_clearance 0.508)
    (zone_45_only no)
    (trace_min 0.2)
    (segment_width 0.2)
    (edge_width 0.15)
    (via_size 0.8)
    (via_drill 0.4)
    (via_min_size 0.4)
    (via_min_drill 0.3)
    (uvia_size 0.3)
    (uvia_drill 0.1)
    (uvias_allowed no)
    (uvia_min_size 0.2)
    (uvia_min_drill 0.1)
    (pcb_text_width 0.3)
    (pcb_text_size 1.5 1.5)
    (mod_edge_width 0.15)
    (mod_text_size 1 1)
    (mod_text_width 0.15)
    (pad_size 1.524 1.524)
    (pad_drill 0.762)
    (pad_to_mask_clearance 0.2)
    (aux_axis_origin 0 0)
    (visible_elements FFFFFF7F)
    (pcbplotparams
      (layerselection 0x010fc_ffffffff)
      (usegerberextensions false)
      (usegerberattributes false)
      (usegerberadvancedattributes false)
      (creategerberjobfile false)
      (excludeedgelayer true)
      (linewidth 0.100000)
      (plotframeref false)
      (viasonmask false)
      (mode 1)
      (useauxorigin false)
      (hpglpennumber 1)
      (hpglpenspeed 20)
      (hpglpendiameter 15.000000)
      (psnegative false)
      (psa4output false)
      (plotreference true)
      (plotvalue true)
      (plotinvisibletext false)
      (padsonsilk false)
      (subtractmaskfromsilk false)
      (outputformat 1)
      (mirror false)
      (drillshape 1)
      (scaleselection 1)
      (outputdirectory ""))
  )

  (net 0 "")
  (net 1 "Net-(J1-Pad3)")
  (net 2 "Net-(J1-Pad1)")
  (net 3 "Net-(J1-Pad2)")
  (net 4 "Net-(J2-Pad2)")
  (net 5 "Net-(J2-Pad1)")
  (net 6 "Net-(J2-Pad3)")
  (net 7 "Net-(J3-Pad3)")
  (net 8 "Net-(J3-Pad1)")
  (net 9 "Net-(J3-Pad2)")
  (net 10 "Net-(J4-Pad2)")
  (net 11 "Net-(J4-Pad1)")
  (net 12 "Net-(J4-Pad3)")
  (net 13 "Net-(J5-Pad3)")
  (net 14 "Net-(J5-Pad1)")
  (net 15 "Net-(J5-Pad2)")
  (net 16 "Net-(J6-Pad2)")
  (net 17 "Net-(J6-Pad1)")
  (net 18 "Net-(J6-Pad3)")
  (net 19 "Net-(LED1-Pad2)")
  (net 20 "Net-(LED1-Pad1)")
  (net 21 "Net-(LED2-Pad1)")
  (net 22 "Net-(LED2-Pad2)")

  (net_class Default "This is the default net class."
    (clearance 0.2)
    (trace_width 0.25)
    (via_dia 0.8)
    (via_drill 0.4)
    (uvia_dia 0.3)
    (uvia_drill 0.1)
    (add_net "Net-(J1-Pad1)")
    (add_net "Net-(J1-Pad2)")
    (add_net "Net-(J1-Pad3)")
    (add_net "Net-(J2-Pad1)")
    (add_net "Net-(J2-Pad2)")
    (add_net "Net-(J2-Pad3)")
    (add_net "Net-(J3-Pad1)")
    (add_net "Net-(J3-Pad2)")
    (add_net "Net-(J3-Pad3)")
    (add_net "Net-(J4-Pad1)")
    (add_net "Net-(J4-Pad2)")
    (add_net "Net-(J4-Pad3)")
    (add_net "Net-(J5-Pad1)")
    (add_net "Net-(J5-Pad2)")
    (add_net "Net-(J5-Pad3)")
    (add_net "Net-(J6-Pad1)")
    (add_net "Net-(J6-Pad2)")
    (add_net "Net-(J6-Pad3)")
    (add_net "Net-(LED1-Pad1)")
    (add_net "Net-(LED1-Pad2)")
    (add_net "Net-(LED2-Pad1)")
    (add_net "Net-(LED2-Pad2)")
  )

  (module 4ms-footprints:PJ301M-12 (layer F.Cu) (tedit 5B6F6854) (tstamp 5B8289C0)
    (at 45.669201 27.305)
    (path /5B826AB5)
    (fp_text reference J1 (at 3.8354 -3.9116) (layer F.SilkS)
      (effects (font (size 1.2065 1.2065) (thickness 0.1524)) (justify left bottom))
    )
    (fp_text value IN1 (at -5.664201 -2.54) (layer F.SilkS)
      (effects (font (size 0.7 0.7) (thickness 0.1524)) (justify left bottom))
    )
    (fp_line (start 4.4958 -4.445) (end -6.1722 -4.445) (layer F.SilkS) (width 0.254))
    (fp_line (start -6.1722 -4.445) (end -6.1722 4.445) (layer F.SilkS) (width 0.254))
    (fp_line (start -6.1722 4.445) (end 4.4958 4.445) (layer F.SilkS) (width 0.254))
    (fp_line (start 4.4958 4.445) (end 4.4958 -4.445) (layer F.SilkS) (width 0.254))
    (fp_circle (center -0.0127 0) (end 1.5621 0) (layer F.SilkS) (width 0.127))
    (fp_circle (center -0.0127 0) (end 2.2733 0) (layer F.SilkS) (width 0.127))
    (fp_circle (center -0.0127 0) (end 1.5113 0) (layer Cmts.User) (width 0))
    (fp_circle (center 0 0) (end 3.175 0) (layer Cmts.User) (width 0.0254))
    (pad 3 thru_hole circle (at -5.207 0) (size 1.9304 1.9304) (drill 1.143) (layers *.Cu *.Mask)
      (net 1 "Net-(J1-Pad3)") (solder_mask_margin 0.127))
    (pad 1 thru_hole circle (at 5.7658 0) (size 1.9304 1.9304) (drill 0.889) (layers *.Cu *.Mask)
      (net 2 "Net-(J1-Pad1)") (solder_mask_margin 0.127))
    (pad 2 thru_hole circle (at 3.3528 0) (size 1.9304 1.9304) (drill 1.143) (layers *.Cu *.Mask)
      (net 3 "Net-(J1-Pad2)") (solder_mask_margin 0.127))
    (pad "" np_thru_hole circle (at 0 0) (size 3 3) (drill 2.5) (layers *.Cu *.Mask))
    (model ${GDOC}/_lib/packages3d/PJ301M-12.WRL
      (offset (xyz -0.8889999866485596 0.4063999938964844 0))
      (scale (xyz 393 393 393))
      (rotate (xyz 0 0 -90))
    )
  )

  (module 4ms-footprints:PJ301M-12 (layer F.Cu) (tedit 5B6F6854) (tstamp 5B8289D0)
    (at 45.669201 37.7825)
    (path /5B826ACF)
    (fp_text reference J2 (at 3.8354 -3.9116) (layer F.SilkS)
      (effects (font (size 1.2065 1.2065) (thickness 0.1524)) (justify left bottom))
    )
    (fp_text value CV1 (at -5.664201 -2.8575) (layer F.SilkS)
      (effects (font (size 0.7 0.7) (thickness 0.1524)) (justify left bottom))
    )
    (fp_circle (center 0 0) (end 3.175 0) (layer Cmts.User) (width 0.0254))
    (fp_circle (center -0.0127 0) (end 1.5113 0) (layer Cmts.User) (width 0))
    (fp_circle (center -0.0127 0) (end 2.2733 0) (layer F.SilkS) (width 0.127))
    (fp_circle (center -0.0127 0) (end 1.5621 0) (layer F.SilkS) (width 0.127))
    (fp_line (start 4.4958 4.445) (end 4.4958 -4.445) (layer F.SilkS) (width 0.254))
    (fp_line (start -6.1722 4.445) (end 4.4958 4.445) (layer F.SilkS) (width 0.254))
    (fp_line (start -6.1722 -4.445) (end -6.1722 4.445) (layer F.SilkS) (width 0.254))
    (fp_line (start 4.4958 -4.445) (end -6.1722 -4.445) (layer F.SilkS) (width 0.254))
    (pad "" np_thru_hole circle (at 0 0) (size 3 3) (drill 2.5) (layers *.Cu *.Mask))
    (pad 2 thru_hole circle (at 3.3528 0) (size 1.9304 1.9304) (drill 1.143) (layers *.Cu *.Mask)
      (net 4 "Net-(J2-Pad2)") (solder_mask_margin 0.127))
    (pad 1 thru_hole circle (at 5.7658 0) (size 1.9304 1.9304) (drill 0.889) (layers *.Cu *.Mask)
      (net 5 "Net-(J2-Pad1)") (solder_mask_margin 0.127))
    (pad 3 thru_hole circle (at -5.207 0) (size 1.9304 1.9304) (drill 1.143) (layers *.Cu *.Mask)
      (net 6 "Net-(J2-Pad3)") (solder_mask_margin 0.127))
    (model ${GDOC}/_lib/packages3d/PJ301M-12.WRL
      (offset (xyz -0.8889999866485596 0.4063999938964844 0))
      (scale (xyz 393 393 393))
      (rotate (xyz 0 0 -90))
    )
  )

  (module 4ms-footprints:PJ301M-12 (layer F.Cu) (tedit 5B6F6854) (tstamp 5B8289E0)
    (at 45.72 48.26)
    (path /5B826B28)
    (fp_text reference J3 (at 3.8354 -3.9116) (layer F.SilkS)
      (effects (font (size 1.2065 1.2065) (thickness 0.1524)) (justify left bottom))
    )
    (fp_text value OUT1 (at -5.715 -2.54) (layer F.SilkS)
      (effects (font (size 0.7 0.7) (thickness 0.1524)) (justify left bottom))
    )
    (fp_line (start 4.4958 -4.445) (end -6.1722 -4.445) (layer F.SilkS) (width 0.254))
    (fp_line (start -6.1722 -4.445) (end -6.1722 4.445) (layer F.SilkS) (width 0.254))
    (fp_line (start -6.1722 4.445) (end 4.4958 4.445) (layer F.SilkS) (width 0.254))
    (fp_line (start 4.4958 4.445) (end 4.4958 -4.445) (layer F.SilkS) (width 0.254))
    (fp_circle (center -0.0127 0) (end 1.5621 0) (layer F.SilkS) (width 0.127))
    (fp_circle (center -0.0127 0) (end 2.2733 0) (layer F.SilkS) (width 0.127))
    (fp_circle (center -0.0127 0) (end 1.5113 0) (layer Cmts.User) (width 0))
    (fp_circle (center 0 0) (end 3.175 0) (layer Cmts.User) (width 0.0254))
    (pad 3 thru_hole circle (at -5.207 0) (size 1.9304 1.9304) (drill 1.143) (layers *.Cu *.Mask)
      (net 7 "Net-(J3-Pad3)") (solder_mask_margin 0.127))
    (pad 1 thru_hole circle (at 5.7658 0) (size 1.9304 1.9304) (drill 0.889) (layers *.Cu *.Mask)
      (net 8 "Net-(J3-Pad1)") (solder_mask_margin 0.127))
    (pad 2 thru_hole circle (at 3.3528 0) (size 1.9304 1.9304) (drill 1.143) (layers *.Cu *.Mask)
      (net 9 "Net-(J3-Pad2)") (solder_mask_margin 0.127))
    (pad "" np_thru_hole circle (at 0 0) (size 3 3) (drill 2.5) (layers *.Cu *.Mask))
    (model ${GDOC}/_lib/packages3d/PJ301M-12.WRL
      (offset (xyz -0.8889999866485596 0.4063999938964844 0))
      (scale (xyz 393 393 393))
      (rotate (xyz 0 0 -90))
    )
  )

  (module 4ms-footprints:PJ301M-12 (layer F.Cu) (tedit 5B6F6854) (tstamp 5B8289F0)
    (at 59.69 27.305 180)
    (path /5B826B63)
    (fp_text reference J4 (at 3.8354 -3.9116 180) (layer F.SilkS)
      (effects (font (size 1.2065 1.2065) (thickness 0.1524)) (justify left bottom))
    )
    (fp_text value IN2 (at -3.175 2.54 180) (layer F.SilkS)
      (effects (font (size 0.7 0.7) (thickness 0.1524)) (justify left bottom))
    )
    (fp_circle (center 0 0) (end 3.175 0) (layer Cmts.User) (width 0.0254))
    (fp_circle (center -0.0127 0) (end 1.5113 0) (layer Cmts.User) (width 0))
    (fp_circle (center -0.0127 0) (end 2.2733 0) (layer F.SilkS) (width 0.127))
    (fp_circle (center -0.0127 0) (end 1.5621 0) (layer F.SilkS) (width 0.127))
    (fp_line (start 4.4958 4.445) (end 4.4958 -4.445) (layer F.SilkS) (width 0.254))
    (fp_line (start -6.1722 4.445) (end 4.4958 4.445) (layer F.SilkS) (width 0.254))
    (fp_line (start -6.1722 -4.445) (end -6.1722 4.445) (layer F.SilkS) (width 0.254))
    (fp_line (start 4.4958 -4.445) (end -6.1722 -4.445) (layer F.SilkS) (width 0.254))
    (pad "" np_thru_hole circle (at 0 0 180) (size 3 3) (drill 2.5) (layers *.Cu *.Mask))
    (pad 2 thru_hole circle (at 3.3528 0 180) (size 1.9304 1.9304) (drill 1.143) (layers *.Cu *.Mask)
      (net 10 "Net-(J4-Pad2)") (solder_mask_margin 0.127))
    (pad 1 thru_hole circle (at 5.7658 0 180) (size 1.9304 1.9304) (drill 0.889) (layers *.Cu *.Mask)
      (net 11 "Net-(J4-Pad1)") (solder_mask_margin 0.127))
    (pad 3 thru_hole circle (at -5.207 0 180) (size 1.9304 1.9304) (drill 1.143) (layers *.Cu *.Mask)
      (net 12 "Net-(J4-Pad3)") (solder_mask_margin 0.127))
    (model ${GDOC}/_lib/packages3d/PJ301M-12.WRL
      (offset (xyz -0.8889999866485596 0.4063999938964844 0))
      (scale (xyz 393 393 393))
      (rotate (xyz 0 0 -90))
    )
  )

  (module 4ms-footprints:PJ301M-12 (layer F.Cu) (tedit 5B6F6854) (tstamp 5B828A00)
    (at 59.69 37.7825 180)
    (path /5B826B80)
    (fp_text reference J5 (at 3.8354 -3.9116 180) (layer F.SilkS)
      (effects (font (size 1.2065 1.2065) (thickness 0.1524)) (justify left bottom))
    )
    (fp_text value CV2 (at -3.175 2.8575 180) (layer F.SilkS)
      (effects (font (size 0.7 0.7) (thickness 0.1524)) (justify left bottom))
    )
    (fp_line (start 4.4958 -4.445) (end -6.1722 -4.445) (layer F.SilkS) (width 0.254))
    (fp_line (start -6.1722 -4.445) (end -6.1722 4.445) (layer F.SilkS) (width 0.254))
    (fp_line (start -6.1722 4.445) (end 4.4958 4.445) (layer F.SilkS) (width 0.254))
    (fp_line (start 4.4958 4.445) (end 4.4958 -4.445) (layer F.SilkS) (width 0.254))
    (fp_circle (center -0.0127 0) (end 1.5621 0) (layer F.SilkS) (width 0.127))
    (fp_circle (center -0.0127 0) (end 2.2733 0) (layer F.SilkS) (width 0.127))
    (fp_circle (center -0.0127 0) (end 1.5113 0) (layer Cmts.User) (width 0))
    (fp_circle (center 0 0) (end 3.175 0) (layer Cmts.User) (width 0.0254))
    (pad 3 thru_hole circle (at -5.207 0 180) (size 1.9304 1.9304) (drill 1.143) (layers *.Cu *.Mask)
      (net 13 "Net-(J5-Pad3)") (solder_mask_margin 0.127))
    (pad 1 thru_hole circle (at 5.7658 0 180) (size 1.9304 1.9304) (drill 0.889) (layers *.Cu *.Mask)
      (net 14 "Net-(J5-Pad1)") (solder_mask_margin 0.127))
    (pad 2 thru_hole circle (at 3.3528 0 180) (size 1.9304 1.9304) (drill 1.143) (layers *.Cu *.Mask)
      (net 15 "Net-(J5-Pad2)") (solder_mask_margin 0.127))
    (pad "" np_thru_hole circle (at 0 0 180) (size 3 3) (drill 2.5) (layers *.Cu *.Mask))
    (model ${GDOC}/_lib/packages3d/PJ301M-12.WRL
      (offset (xyz -0.8889999866485596 0.4063999938964844 0))
      (scale (xyz 393 393 393))
      (rotate (xyz 0 0 -90))
    )
  )

  (module 4ms-footprints:PJ301M-12 (layer F.Cu) (tedit 5B6F6854) (tstamp 5B828A10)
    (at 59.69 48.26 180)
    (path /5B826B9B)
    (fp_text reference J6 (at 3.8354 -3.9116 180) (layer F.SilkS)
      (effects (font (size 1.2065 1.2065) (thickness 0.1524)) (justify left bottom))
    )
    (fp_text value OUT2 (at -2.54 2.54 180) (layer F.SilkS)
      (effects (font (size 0.7 0.7) (thickness 0.1524)) (justify left bottom))
    )
    (fp_circle (center 0 0) (end 3.175 0) (layer Cmts.User) (width 0.0254))
    (fp_circle (center -0.0127 0) (end 1.5113 0) (layer Cmts.User) (width 0))
    (fp_circle (center -0.0127 0) (end 2.2733 0) (layer F.SilkS) (width 0.127))
    (fp_circle (center -0.0127 0) (end 1.5621 0) (layer F.SilkS) (width 0.127))
    (fp_line (start 4.4958 4.445) (end 4.4958 -4.445) (layer F.SilkS) (width 0.254))
    (fp_line (start -6.1722 4.445) (end 4.4958 4.445) (layer F.SilkS) (width 0.254))
    (fp_line (start -6.1722 -4.445) (end -6.1722 4.445) (layer F.SilkS) (width 0.254))
    (fp_line (start 4.4958 -4.445) (end -6.1722 -4.445) (layer F.SilkS) (width 0.254))
    (pad "" np_thru_hole circle (at 0 0 180) (size 3 3) (drill 2.5) (layers *.Cu *.Mask))
    (pad 2 thru_hole circle (at 3.3528 0 180) (size 1.9304 1.9304) (drill 1.143) (layers *.Cu *.Mask)
      (net 16 "Net-(J6-Pad2)") (solder_mask_margin 0.127))
    (pad 1 thru_hole circle (at 5.7658 0 180) (size 1.9304 1.9304) (drill 0.889) (layers *.Cu *.Mask)
      (net 17 "Net-(J6-Pad1)") (solder_mask_margin 0.127))
    (pad 3 thru_hole circle (at -5.207 0 180) (size 1.9304 1.9304) (drill 1.143) (layers *.Cu *.Mask)
      (net 18 "Net-(J6-Pad3)") (solder_mask_margin 0.127))
    (model ${GDOC}/_lib/packages3d/PJ301M-12.WRL
      (offset (xyz -0.8889999866485596 0.4063999938964844 0))
      (scale (xyz 393 393 393))
      (rotate (xyz 0 0 -90))
    )
  )

  (module LEDs:LED_D3.0mm_FlatTop (layer F.Cu) (tedit 5880A862) (tstamp 5B82A855)
    (at 51.435 31.115)
    (descr "LED, Round, FlatTop, diameter 3.0mm, 2 pins, http://www.kingbright.com/attachments/file/psearch/000/00/00/L-47XEC(Ver.9A).pdf")
    (tags "LED Round FlatTop diameter 3.0mm 2 pins")
    (path /5B826C12)
    (fp_text reference LED1 (at 1.27 -2.96) (layer F.SilkS)
      (effects (font (size 1 1) (thickness 0.15)))
    )
    (fp_text value LED (at 1.27 2.96) (layer F.Fab)
      (effects (font (size 1 1) (thickness 0.15)))
    )
    (fp_line (start 3.7 -2.25) (end -1.15 -2.25) (layer F.CrtYd) (width 0.05))
    (fp_line (start 3.7 2.25) (end 3.7 -2.25) (layer F.CrtYd) (width 0.05))
    (fp_line (start -1.15 2.25) (end 3.7 2.25) (layer F.CrtYd) (width 0.05))
    (fp_line (start -1.15 -2.25) (end -1.15 2.25) (layer F.CrtYd) (width 0.05))
    (fp_line (start -0.29 1.08) (end -0.29 1.236) (layer F.SilkS) (width 0.12))
    (fp_line (start -0.29 -1.236) (end -0.29 -1.08) (layer F.SilkS) (width 0.12))
    (fp_line (start -0.23 -1.16619) (end -0.23 1.16619) (layer F.Fab) (width 0.1))
    (fp_circle (center 1.27 0) (end 2.77 0) (layer F.Fab) (width 0.1))
    (fp_arc (start 1.27 0) (end 0.229039 1.08) (angle -87.9) (layer F.SilkS) (width 0.12))
    (fp_arc (start 1.27 0) (end 0.229039 -1.08) (angle 87.9) (layer F.SilkS) (width 0.12))
    (fp_arc (start 1.27 0) (end -0.29 1.235516) (angle -108.8) (layer F.SilkS) (width 0.12))
    (fp_arc (start 1.27 0) (end -0.29 -1.235516) (angle 108.8) (layer F.SilkS) (width 0.12))
    (fp_arc (start 1.27 0) (end -0.23 -1.16619) (angle 284.3) (layer F.Fab) (width 0.1))
    (pad 2 thru_hole circle (at 2.54 0) (size 1.8 1.8) (drill 0.9) (layers *.Cu *.Mask)
      (net 19 "Net-(LED1-Pad2)"))
    (pad 1 thru_hole rect (at 0 0) (size 1.8 1.8) (drill 0.9) (layers *.Cu *.Mask)
      (net 20 "Net-(LED1-Pad1)"))
    (model ${KISYS3DMOD}/LEDs.3dshapes/LED_D3.0mm_FlatTop.wrl
      (at (xyz 0 0 0))
      (scale (xyz 0.393701 0.393701 0.393701))
      (rotate (xyz 0 0 0))
    )
  )

  (module LEDs:LED_D3.0mm_FlatTop (layer F.Cu) (tedit 5880A862) (tstamp 5B82A868)
    (at 51.435 44.45)
    (descr "LED, Round, FlatTop, diameter 3.0mm, 2 pins, http://www.kingbright.com/attachments/file/psearch/000/00/00/L-47XEC(Ver.9A).pdf")
    (tags "LED Round FlatTop diameter 3.0mm 2 pins")
    (path /5B826C82)
    (fp_text reference LED2 (at 1.27 -2.96) (layer F.SilkS)
      (effects (font (size 1 1) (thickness 0.15)))
    )
    (fp_text value LED (at 1.27 2.96) (layer F.Fab)
      (effects (font (size 1 1) (thickness 0.15)))
    )
    (fp_arc (start 1.27 0) (end -0.23 -1.16619) (angle 284.3) (layer F.Fab) (width 0.1))
    (fp_arc (start 1.27 0) (end -0.29 -1.235516) (angle 108.8) (layer F.SilkS) (width 0.12))
    (fp_arc (start 1.27 0) (end -0.29 1.235516) (angle -108.8) (layer F.SilkS) (width 0.12))
    (fp_arc (start 1.27 0) (end 0.229039 -1.08) (angle 87.9) (layer F.SilkS) (width 0.12))
    (fp_arc (start 1.27 0) (end 0.229039 1.08) (angle -87.9) (layer F.SilkS) (width 0.12))
    (fp_circle (center 1.27 0) (end 2.77 0) (layer F.Fab) (width 0.1))
    (fp_line (start -0.23 -1.16619) (end -0.23 1.16619) (layer F.Fab) (width 0.1))
    (fp_line (start -0.29 -1.236) (end -0.29 -1.08) (layer F.SilkS) (width 0.12))
    (fp_line (start -0.29 1.08) (end -0.29 1.236) (layer F.SilkS) (width 0.12))
    (fp_line (start -1.15 -2.25) (end -1.15 2.25) (layer F.CrtYd) (width 0.05))
    (fp_line (start -1.15 2.25) (end 3.7 2.25) (layer F.CrtYd) (width 0.05))
    (fp_line (start 3.7 2.25) (end 3.7 -2.25) (layer F.CrtYd) (width 0.05))
    (fp_line (start 3.7 -2.25) (end -1.15 -2.25) (layer F.CrtYd) (width 0.05))
    (pad 1 thru_hole rect (at 0 0) (size 1.8 1.8) (drill 0.9) (layers *.Cu *.Mask)
      (net 21 "Net-(LED2-Pad1)"))
    (pad 2 thru_hole circle (at 2.54 0) (size 1.8 1.8) (drill 0.9) (layers *.Cu *.Mask)
      (net 22 "Net-(LED2-Pad2)"))
    (model ${KISYS3DMOD}/LEDs.3dshapes/LED_D3.0mm_FlatTop.wrl
      (at (xyz 0 0 0))
      (scale (xyz 0.393701 0.393701 0.393701))
      (rotate (xyz 0 0 0))
    )
  )

  (gr_line (start 38.735 52.197) (end 66.675 52.197) (layer Edge.Cuts) (width 0.15) (tstamp 5B82A9F5))
  (gr_line (start 38.735 23.495) (end 38.735 52.197) (layer Edge.Cuts) (width 0.15))
  (gr_line (start 66.675 23.495) (end 66.675 52.197) (layer Edge.Cuts) (width 0.15))
  (gr_line (start 38.735 23.495) (end 66.675 23.495) (layer Edge.Cuts) (width 0.15))
  (gr_line (start 66.675 23.495) (end 66.675 52.197) (layer Eco1.User) (width 0.2) (tstamp 5B826D57))
  (gr_line (start 38.735 52.197) (end 66.675 52.197) (layer Eco1.User) (width 0.2) (tstamp 5B826D4E))
  (gr_line (start 38.735 23.495) (end 38.735 52.197) (layer Eco1.User) (width 0.2))
  (gr_line (start 38.735 23.495) (end 66.675 23.495) (layer Eco1.User) (width 0.2))

)
